east-coast-sediment-db/ecst0500/data-layers/noaa-bathymetry/world30/world30.asc
ncols  721
nrows  361
xllcorner  -180
yllcorner  -90
cellsize    0.5
[rows 144 to 179 of 361, columns 567 to 647 of 721]
152 182 336 610 609 304 -1 -57 -78 -80 -78 -51 -68 -97 -157 -1384 -2086 -2268 -2568 -2266 -2017 -3002 -3600 -3720 -3798 -3844 -3900 -3889 -3924 -3898 -3975 -4259 -3008 -2950 442 869 76 381 -2960 -3894 -4652 -4880 -4767 -4993 -4815 -4905 -5322 -5374 -5291 -5399 -5493 -5300 -5486 -5653 -5737 -5799 -5899 -6000 -5934 -5929 -5863 -5736 -5496 -4968 -4984 -5011 -4995 -4944 -4995 -4988 -4993 -4652 -4728 -4746 -4810 -4700 -4678 -4422 -3964 -1991 -3747
152 152 168 320 305 580 91 -40 -64 -79 -99 -97 -78 -168 -1196 -1671 -1409 -1418 -1594 -1404 -2700 -3398 -3549 -3221 -3785 -3849 -3834 -3032 -3884 -3823 -3861 -4203 -2324 -1390 381 1371 91 731 -2289 -4028 -4948 -4030 -3669 -3247 -3016 -3750 -5040 -5253 -5332 -5219 -5016 -5482 -5498 -5564 -5985 -5714 -5822 -5799 -5826 -5898 -5783 -5600 -5036 -3972 -4493 -5369 -5001 -5001 -5023 -4737 -4064 -4620 -4982 -4793 -4809 -4798 -4680 -4438 -3993 -2635 -3968
259 320 198 182 259 458 533 15 -42 -74 -100 -99 -160 -1193 -1503 -1390 -486 -981 -999 -1625 -2362 -2836 -2241 -982 -3736 -3939 -4000 -4002 -3812 -3997 -3549 -3543 -2702 -1539 1067 975 381 381 -238 -4726 -4485 -3789 -2516 -2508 -3559 -4019 -4755 -5013 -5251 -5301 -5442 -5233 -6250 -4947 -5704 -5512 -5705 -5799 -6006 -5842 -5643 -5474 -4797 -4000 -5050 -5094 -4930 -5003 -5054 -5011 -4844 -4646 -4504 -4619 -4706 -4774 -4654 -4432 -4044 -2211 -2669
183 198 213 137 152 259 610 533 30 -37 -96 -101 -220 -1258 -1394 -1192 -268 -757 -321 -1544 -2163 -2981 -2712 -2686 -4029 -4032 -3843 -3721 -4008 -3736 -3913 -4016 -1978 -110 1219 1097 655 350 -3904 -5178 -3842 -3760 -2489 -2928 -3650 -3939 -4666 -5198 -5485 -5471 -5487 -5124 -5005 -5623 -5089 -5500 -5671 -5845 -5891 -5831 -5608 -5493 -4957 -3519 -5048 -5109 -5002 -5104 -5066 -4728 -4497 -4997 -4641 -4616 -4894 -4746 -4624 -4308 -3976 -2479 -3013
137 122 152 152 228 396 838 1143 762 228 -21 -100 -303 -882 -995 -856 -1179 -993 -256 -2246 -2706 -796 -82 -1637 -4202 -3956 -3854 -4000 -3714 -3990 -3444 -3610 -1825 228 152 915 30 -910 -4394 -5000 -4197 -3607 -2981 -3308 -3709 -4019 -5024 -4475 -4514 -5014 -5500 -5554 -5514 -5011 -5523 -5374 -5478 -5574 -5769 -5947 -5792 -5368 -4700 -4486 -5106 -5079 -5000 -5102 -5093 -4507 -4497 -4526 -4941 -5005 -4890 -4700 -4603 -4429 -3856 -2516 -3943
122 122 122 122 259 610 534 1143 838 350 91 -11 -206 -497 -540 -867 -1188 -1487 -2044 -2763 -2231 -317 -1534 -4177 -4328 -4106 -4171 -4225 -3857 -3951 -2547 -4302 -2433 686 152 351 -22 -2223 -4005 -4805 -3045 -4911 -3521 -4246 -4491 -4742 -5483 -5501 -5071 -5260 -5505 -5490 -5572 -5660 -5597 -5117 -5634 -5034 -5492 -5614 -5021 -4976 -3518 -4868 -5098 -5084 -4999 -5116 -5007 -4510 -4759 -5018 -4990 -4892 -4905 -4763 -4608 -4462 -3927 -2486 -3527
137 91 107 122 320 259 808 381 991 1066 381 -38 -199 -450 -757 -1189 -1345 -1694 -2358 -3490 -3505 -3997 -4233 -4061 -4071 -4204 -2138 -4172 -3944 -4060 -4176 -4923 -2770 -151 76 168 -3 -264 -1025 -1460 -968 -2361 -5294 -5787 -5042 -5493 -5335 -5232 -5432 -5785 -5645 -5559 -5480 -5822 -5985 -5603 -5479 -5758 -5007 -4977 -4510 -4637 -3527 -4829 -5030 -5116 -5091 -5051 -4860 -4890 -4832 -4542 -4045 -4894 -4900 -4800 -4687 -4482 -4138 -2515 -3921
183 244 198 243 76 167 564 686 838 838 762 122 -144 -403 -1194 -1610 -2182 -1761 -2826 -2955 -3493 -4215 -4281 -4204 -4133 -4174 -4197 -4216 -4206 -4104 -3952 -4745 -2403 -1938 91 15 106 -10 -10 -10 -10 -228 -2629 -5974 -6465 -5297 -5074 -5197 -5189 -5450 -5618 -5726 -5781 -5594 -5724 -5685 -5555 -5590 -5501 -5303 -5011 -3985 -3759 -4816 -4916 -5001 -4999 -4997 -4976 -4997 -4505 -4737 -5227 -4598 -4912 -4823 -4699 -4369 -3471 -2060 -3528
45 45 30 46 61 106 106 228 396 747 487 46 -125 -1063 -2092 -2592 -2609 -2092 -2425 -2899 -4184 -4217 -4224 -3754 -2039 -4229 -4210 -4200 -4151 -4001 -3692 -4204 -2543 -1793 -272 366 106 -1 229 0 -10 -10 -239 -4979 -6013 -5667 -4983 -5152 -5308 -5468 -5496 -5551 -5802 -5604 -5798 -5798 -5799 -5836 -5941 -5783 -5014 -4988 -4468 -4995 -5000 -4994 -5005 -5000 -5015 -4692 -4501 -4987 -4971 -4898 -4923 -4848 -4702 -4120 -2814 -3957 -3847
15 61 91 106 76 229 76 91 168 336 457 137 -98 -1891 -2802 -3019 -2908 -2403 -2740 -3026 -4210 -4237 -4265 -4174 -4222 -4222 -4218 -4168 -4003 -3795 -3315 -3705 -4935 -3148 457 -11 -406 -11 121 -265 228 -936 -985 -3007 -6452 -4989 -4939 -5006 -5159 -5400 -5584 -5692 -5799 -5799 -5842 -5850 -5994 -5920 -5853 -5854 -5319 -4995 -2887 -4319 -4765 -4962 -5467 -5069 -5025 -4690 -4288 -4986 -4341 -4894 -4747 -4698 -4401 -3486 -2859 -3979 -3488
0 0 0 46 121 61 122 244 243 610 442 244 -95 -1980 -2745 -2785 -2350 -3667 -3796 -4077 -4236 -4234 -4201 -4226 -4236 -4019 -4089 -4095 -4035 -3596 -3147 -3001 -2861 -3230 -1793 762 -107 -411 -1310 -110 46 0 -1051 -3905 -6000 -5165 -5125 -5499 -5192 -5307 -5627 -5673 -5732 -5818 -5870 -5993 -5943 -5941 -5900 -5826 -5654 -5472 -3025 -4268 -4936 -5027 -5204 -4997 -4766 -4690 -4668 -5083 -4481 -4589 -4490 -4015 -3726 -2054 -2999 -3775 -3309
60 76 61 30 45 46 91 640 762 610 990 244 -99 -1933 -2611 -2183 -2341 -3679 -4202 -4218 -4180 -4229 -4234 -4291 -4227 -4196 -3814 -3990 -3821 -3393 -2704 -1265 -1283 -55 -968 213 -187 122 -111 -494 -427 -68 61 182 -3126 -6934 -5451 -5504 -5515 -5392 -5586 -5614 -5693 -5776 -5846 -5991 -5929 -5946 -5938 -5866 -5690 -5167 -3451 -4500 -4798 -5002 -5119 -4915 -4835 -4678 -4518 -4980 -3526 -3992 -4003 -3152 -3281 -2995 -3365 -3083 -2983
762 305 30 0 15 76 91 290 686 1036 975 259 -60 -1793 -2588 -2619 -2964 -4193 -4038 -4229 -4249 -4230 -4199 -4120 -4351 -4041 -2675 -327 -3364 -2939 -2488 -1026 -184 -10 -103 -478 -206 -218 -934 -186 -184 -199 -28 152 -351 -6020 -6323 -5730 -5557 -5496 -5574 -5638 -5700 -5773 -5801 -5896 -5845 -5898 -5934 -5914 -5673 -5380 -4271 -3998 -4754 -4992 -5071 -4900 -4877 -5003 -4491 -4454 -3994 -3475 -3996 -4470 -2303 -3931 -3074 -3359 -4036
168 198 76 0 0 30 46 153 610 533 533 -38 -96 -938 -2340 -2408 -2816 -4197 -4221 -4232 -4262 -3728 -2058 -2196 -3035 -2573 -477 -48 -1574 -2009 -1516 -341 -31 -10 -65 -198 -488 -148 152 -1 -25 -163 198 152 -968 -5014 -6997 -5800 -5607 -5522 -5601 -5697 -5742 -5801 -5829 -5908 -5901 -5838 -5856 -5928 -5694 -5748 -5219 -3941 -4925 -4997 -4946 -4753 -5020 -4498 -3969 -5914 -3609 -2997 -3593 -3845 -5934 -7027 -7971 -7935 -8924
-10 213 45 15 0 0 0 122 107 30 -2 -63 -194 -491 -1516 -2453 -3858 -4175 -4208 -4218 -4190 -3168 -1616 -1037 -2821 -2315 -53 -97 -770 -1599 -1054 -80 -10 -10 -10 -10 -138 -71 60 -10 -10 -139 183 -140 -10 -3046 -8237 -5538 -5602 -5504 -5608 -5679 -5798 -5829 -5834 -5886 -5931 -5925 -5800 -5896 -5707 -5687 -4237 -3992 -4530 -5219 -4573 -4812 -4992 -4138 -1917 -6601 -5990 -4937 -3517 -6524 -8477 -7066 -7039 -6197 -5877
-18 -10 45 45 0 0 0 30 -5 -23 -39 -61 -205 -816 -1780 -2934 -3836 -4008 -3485 -3243 -3001 -2134 -2019 -2367 -2473 -1880 -1351 -903 -1582 -1435 -118 -5 183 -94 -188 -100 -847 -405 76 838 -457 -471 -427 427 -10 -747 -7542 -6730 -5808 -5626 -5616 -5664 -5800 -5850 -5861 -5896 -5829 -5902 -5882 -5814 -5665 -5562 -4473 -4163 -5300 -5497 -4800 -4988 -4990 -4271 -4443 -3923 -4477 -2749 -3513 -4749 -4231 -4489 -4857 -5091 -4933
-30 -13 -1 -1 30 30 15 -19 -23 -38 -59 -59 -424 -1452 -2498 -3380 -3583 -2999 -2109 -1994 -2929 -1278 -1522 -2558 -1539 -1697 -1785 -1650 -1799 -732 -6 -114 -280 -1491 -1541 -1389 -324 -3448 -92 259 91 -22 -25 -232 -77 -45 -6045 -7040 -5883 -5694 -5648 -5670 -5846 -5890 -5866 -5901 -6024 -5940 -5921 -5811 -5246 -4899 -3954 -3756 -5000 -4996 -4497 -5001 -4486 -3950 -5950 -4067 -2253 -1989 -1298 -3486 -3492 -3782 -4496 -4785 -4812
-39 -28 -15 30 30 15 -10 -24 -23 -22 -78 -146 -1386 -2009 -2859 -2990 -1876 -2559 -1898 -2155 -2210 -2194 -2537 -2199 -1433 -1792 -1971 -1702 -1515 -61 45 -2076 -1794 -1409 -1490 -1072 -3960 -3836 -128 305 -109 -667 -1475 -1421 534 -58 -4370 -8447 -5803 -5686 -5697 -5736 -5834 -6454 -5921 -5997 -6113 -6063 -5962 -5791 -5113 -5022 -3818 -3282 -4206 -3416 -4442 -4661 -3515 -1790 -6859 -4314 -2025 -2978 -1220 -2003 -2004 -2510 -3508 -4492 -4808
-40 -32 -22 30 -2 -17 -21 -32 -39 -57 -91 -132 -1396 -1998 -2381 -1433 -1588 -1592 -2066 -2515 -1969 -2077 -2168 -1896 -1475 -1534 -1477 -1704 -61 -10 -996 -2092 -1991 -1717 -2094 -3648 -4423 -4016 -3000 -971 -211 -1550 -1267 -965 259 152 -2521 -8326 -5817 -5698 -5700 -5747 -5773 -5904 -6025 -6124 -6092 -6017 -5860 -5021 -5068 -5078 -2298 -3037 -4494 -4465 -4015 -3510 -2948 -3527 -4529 -3960 -3978 -3992 -2549 -2633 -1558 -2235 -2496 -3506 -4314
-31 -22 -19 -8 -19 -21 -20 -33 -46 -60 -72 -237 -1089 -1196 -808 -1589 -954 -1187 -1919 -2001 -1663 -1365 -1307 -2057 -2079 -2395 -2226 -76 -21 -390 -1601 -2165 -2068 -3102 -3064 -4196 -4513 -4338 -3955 -139 381 -845 229 1219 106 198 -998 -6039 -6020 -5899 -5726 -5794 -5747 -5775 -6004 -6094 -5966 -4971 -4513 -4954 -4681 -4214 -2253 -4933 -3070 -3246 -3379 -2502 -210 -7804 -3038 -2041 -2549 -4123 -3072 -3979 -4082 -1536 -1841 -2036 -2777
-39 -25 -26 -30 -26 -29 -31 -40 -53 -77 -99 -135 -796 -137 -417 -1772 -1493 -1499 -1807 -1796 -1774 -829 -1123 -1799 -2986 -2782 -1030 76 -81 -217 -796 -1825 -3577 -3984 -3876 -4200 -4783 -2963 290 686 61 1036 1372 732 228 458 -339 -5030 -6290 -5014 -5404 -5831 -5766 -5748 -5722 -4933 -4744 -4498 -4923 -5019 -4993 -4663 -1752 -5897 -4068 -4205 -3007 -2807 -4517 -4014 -2494 -2445 -2156 -2201 -2046 -3958 -4031 -3991 -2975 -1961 -1864
-60 -45 -40 -40 -40 -39 -40 -44 -58 -84 -121 -163 -247 -511 -1574 -1801 -1222 -1730 -1915 -1724 -1668 -1161 -1447 -2823 -2394 -1297 -207 -10 -46 -70 -849 -2980 -3218 -4005 -4155 -4536 -4750 -979 -10 -11 -1031 -507 457 610 60 1372 61 -5037 -6686 -5581 -5714 -5836 -5689 -5709 -5603 -5464 -4476 -4434 -4585 -4370 -4475 -3937 -75 -6864 -3774 -2911 -3054 -5594 -5046 -4000 -3416 -3000 -2823 -2839 -2702 -2461 -2112 -2806 -3838 -2998 -1691
-59 -57 -56 -52 -37 -40 -43 -49 -55 -82 -121 -218 -1001 -1602 -1776 -1775 -1800 -2025 -2348 -1690 -1439 -2201 -2829 -2380 -992 -107 -32 -10 -23 -97 -275 -2985 -3609 -4195 -4515 -3945 -997 76 -611 -2265 -4192 686 61 1220 -15 106 -982 -6022 -6515 -4656 -5694 -5701 -4930 -5671 -5599 -5584 -4903 -4436 -4349 -3833 -3423 -2611 -4631 -4988 -3549 -4023 -4528 -4505 -4409 -4172 -4057 -3968 -3196 -3485 -3500 -3015 -2905 -2064 -3492 -3858 -4071
-60 -64 -67 -58 -51 -49 -50 -56 -63 -82 -106 -143 -647 -1393 -1339 -1568 -1241 -1699 -1383 -1423 -2122 -2786 -2213 -1429 -108 -51 -1 289 60 -78 -92 -1425 -3536 -4227 -2128 -571 -10 121 -3084 -3607 -4686 -695 381 914 -93 -1302 -2009 -6497 -7008 -5015 -5514 -5583 -5592 -5600 -5567 -5606 -5378 -4695 -3983 -3481 -3486 -3990 -5500 -5007 -4814 -4507 -4464 -4485 -4383 -4184 -4037 -3975 -3969 -4057 -4006 -3094 -3074 -2779 -1903 -2149 -2781
-60 -64 -70 -60 -60 -67 -60 -60 -66 -76 -89 -120 -155 -404 -919 -1240 -1524 -1396 -319 -1801 -2601 -2395 -1294 -112 -24 -10 579 350 91 -8 -94 -325 -1360 -1190 -10 76 -115 -2051 -4608 -4593 -4732 -2579 -690 381 381 -2932 -1541 -4396 -8550 -5508 -5497 -5553 -5555 -5573 -5592 -5606 -5438 -4956 -3612 -3034 -5169 -4948 -4893 -5000 -4526 -4800 -4613 -4548 -4545 -4429 -4400 -4373 -4396 -4471 -4469 -2346 -3467 -2993 -2121 -2737 -3553
-54 -60 -71 -66 -79 -81 -68 -66 -72 -75 -87 -120 -93 -73 -215 -581 -219 -115 -183 -1916 -2125 -1393 -98 -14 -10 746 853 580 228 122 106 -24 -177 -516 -288 -1050 -3963 -4458 -4507 -4705 -4901 -5002 -5421 -4458 -549 -3029 -1658 -3535 -7663 -6021 -5372 -5498 -5499 -5496 -5556 -5209 -4895 -4796 -3244 -4005 -4051 -4469 -4975 -5000 -4860 -4748 -4599 -4549 -4504 -4196 -4494 -4486 -4240 -4072 -4013 -4077 -3991 -3061 -2025 -2880 -3411
-39 -77 -69 -69 -79 -79 -79 -82 -100 -98 -101 -113 -151 -133 -151 -132 -133 -87 -96 -181 -382 -104 -1 -10 717 610 580 472 579 213 107 -38 -273 -481 -2360 -4218 -4571 -4796 -4790 -4848 -4899 -4959 -5263 -4984 -1553 -2350 -3444 -1089 -4996 -7896 -5513 -5408 -5203 -4745 -5010 -4517 -4517 -3499 -3720 -3779 -3810 -4491 -5011 -4516 -4929 -4039 -4511 -4970 -4525 -4507 -4440 -4212 -4198 -4153 -4114 -4081 -3720 -2599 -2493 -3007 -3439
-20 -61 -69 -69 -82 -91 -92 -102 -99 -54 -83 -119 -126 -115 -107 -93 -86 -77 -78 -74 -60 106 214 716 1036 503 549 473 122 121 76 -217 -1480 -2941 -4207 -4508 -4896 -4916 -4913 -4946 -4945 -4985 -4808 -4931 -987 -2000 -2635 -971 -2288 -4096 -6210 -5498 -5207 -4510 -4466 -4280 -4700 -2482 -3484 -5290 -2521 -4493 -5033 -4995 -5004 -4632 -4682 -4791 -4704 -4687 -4400 -4298 -4254 -4203 -4001 -3650 -2975 -2229 -2749 -3244 -3462
-19 -47 -63 -72 -83 -89 -89 -87 -62 -1 -69 -100 -95 -96 -89 -72 -63 -56 -54 -40 -20 137 229 458 1098 914 167 76 -10 -70 -1871 -2313 -3677 -4077 -4502 -4806 -4918 -4896 -4941 -4950 -4949 -4903 -4841 -4881 -995 -1701 -1967 -1489 -2691 -1765 -5956 -5279 -4712 -4719 -4519 -4574 -4005 -3896 -4001 -4767 -3236 -4612 -5028 -4840 -4802 -4824 -4701 -4694 -4615 -4499 -4425 -4375 -4326 -4282 -4063 -3602 -2513 -2498 -3120 -3546 -3824
-8 -37 -62 -73 -80 -83 -79 -81 -64 -81 -98 -85 -79 -79 -60 -51 -47 -37 -38 -26 305 488 381 838 1113 686 137 76 -10 -78 -1345 -3036 -3849 -4309 -4512 -4888 -4931 -4923 -5001 -4974 -4917 -4702 -4561 -4625 -203 -2009 -2498 -1535 -3065 -1969 -3059 -5450 -4250 -4525 -4619 -4098 -4490 -3010 -3891 -4014 -3790 -4845 -4952 -4704 -4797 -4704 -4648 -4699 -4663 -4486 -4422 -4397 -4349 -4328 -4000 -3497 -2528 -2448 -3476 -3501 -4012
-4 -24 -59 -65 -58 -58 -10 -70 -62 -79 -52 -39 -67 -74 -59 -39 -20 -10 76 366 351 397 823 990 1066 457 366 274 15 -200 -2944 -3695 -4214 -4512 -4879 -5086 -5141 -5196 -5202 -5080 -4902 -4684 -4441 -3962 -532 -2472 -1800 -2079 -3265 -3424 -2487 -4687 -3500 -3491 -4174 -3691 -3948 -3167 -4161 -4005 -4173 -3628 -4412 -4301 -4331 -4292 -4295 -4528 -4792 -4499 -4399 -4330 -4285 -4232 -3906 -3500 -2643 -2476 -3256 -4044 -4206
183 -19 -22 -57 -15 -59 -61 -73 -80 -72 -47 -14 -34 -41 -47 -26 30 244 472 472 458 350 762 1143 884 731 548 152 183 -76 -1966 -3916 -4593 -4993 -5217 -5360 -5432 -5305 -5233 -5267 -5112 -4804 -4440 -3171 -856 -1983 -1770 -2341 -3011 -1519 183 -3497 -3650 -3714 -3999 -3910 -3590 -3996 -3973 -3997 -4053 -3043 -4272 -4204 -4210 -4190 -4254 -4465 -4510 -4400 -4409 -4357 -4279 -4142 -3807 -3446 -2713 -2526 -2970 -3899 -4303
122 15 -40 -60 -59 -59 -59 -77 -61 -58 -41 -26 -1 -19 -38 -12 183 168 214 244 259 564 915 655 579 975 595 320 305 -10 -146 -2525 -4840 -4451 -4156 -4000 -4024 -4057 -4791 -5256 -5384 -5187 -4184 -1048 -1989 -1517 -2017 -2028 -1492 -186 -962 -2523 -4828 -4470 -4116 -4009 -4014 -4107 -3495 -3500 -4015 -3966 -4296 -4311 -4268 -4200 -4051 -4300 -4328 -4349 -4346 -4346 -4298 -4151 -3709 -3496 -2800 -2760 -3207 -3932 -4294
30 30 -21 -52 -60 -59 -60 -62 -47 -48 -40 -19 46 229 167 -10 259 427 610 655 533 914 1127 549 914 1204 518 320 274 121 -25 -373 -3352 -2968 -2512 -1073 -1984 -2400 -3205 -3987 -3034 -2083 -1525 609 -2221 -1519 -1394 -2032 -4 -136 243 -2739 -4467 -4073 -4096 -3547 -3732 -4075 -3516 -3038 -4482 -4480 -4247 -4297 -4302 -4122 -4035 -4133 -4260 -4295 -4299 -4274 -4242 -4116 -3762 -3295 -2792 -2890 -3006 -3491 -3913
-3 -1 30 -39 -40 -26 -54 -60 -30 -49 -38 91 229 457 228 305 396 122 91 320 778 839 381 701 640 549 259 275 152 -2 259 -1744 -2225 -2231 -519 762 1052 1219 -95 -115 -193 -235 533 -262 -1538 -1580 -2325 -2479 183 580 -30 -1386 -2446 -2496 -3985 -3430 -3237 -3908 -3155 -3687 -4103 -4458 -4141 -4316 -4362 -4200 -4060 -4001 -4187 -4311 -4197 -4093 -3988 -3982 -3571 -3285 -2978 -3089 -2977 -3394 -3651
-10 -10 -47 -36 -42 -47 -56 -58 -28 -31 -39 91 167 213 198 152 168 229 259 610 609 732 579 610 594 183 183 213 0 -732 -926 -1149 -2435 -9 -157 152 -271 198 152 -10 1143 305 -189 -3425 -2072 -1874 -2552 -1459 -48 46 167 -829 -639 -502 -1696 -480 -2069 -4070 -3995 -4109 -4062 -4041 -4681 -4574 -4788 -4300 -4292 -4188 -4180 -4036 -3870 -3531 -3326 -3297 -3166 -3087 -3201 -3147 -2929 -2964 -3402
