east-coast-sediment-db/ecst0500/data-layers/noaa-bathymetry/world30/world30.asc
ncols  721
nrows  361
xllcorner  -180
yllcorner  -90
cellsize    0.5
[rows 216 to 251 of 361, columns 324 to 404 of 721]
-4003 -3720 -3712 -3773 -3594 -3582 -3579 -3034 -3011 -2985 -2690 -2885 -3643 -3615 -3389 -3635 -3605 -3989 -4190 -4007 -4181 -4174 -4388 -4393 -4850 -4994 -5001 -4999 -5006 -5150 -5393 -5111 -4876 -4616 -5392 -5391 -5388 -5617 -5589 -5416 -5399 -5404 -5404 -5408 -5408 -5397 -5369 -5352 -5333 -5282 -5201 -5134 -5037 -4824 -4645 -4374 -4068 -3510 -2496 -213 488 1067 1143 1280 1250 1128 1097 1097 1113 1143 1067 1067 1067 1067 1067 1067 1036 1036 1006 1006 1006
-4003 -3878 -4003 -3655 -3642 -3389 -3574 -3610 -3119 -3020 -2369 -2996 -2911 -3574 -3596 -3720 -3763 -4004 -4001 -3997 -4117 -4136 -4887 -4612 -4989 -5000 -5025 -4999 -4999 -5058 -4983 -4993 -5010 -5382 -5002 -5386 -5087 -5380 -5398 -5402 -5575 -5400 -5405 -5423 -5432 -5400 -5302 -5295 -5316 -5286 -5211 -5163 -5066 -4899 -4713 -4441 -4144 -3682 -1906 -316 -2 686 991 1494 1295 1143 1128 1097 1097 1097 1067 1067 1067 1067 1067 1067 1036 1036 1006 1006 975
-4012 -4628 -4081 -4038 -3615 -3970 -3806 -3589 -3035 -3005 -2950 -2970 -2623 -3563 -3639 -2987 -3416 -3660 -4006 -4030 -4008 -4524 -4595 -4583 -4980 -4613 -5009 -5002 -5000 -4997 -4727 -4982 -5002 -4649 -5384 -4997 -5383 -5383 -5397 -5390 -5443 -5417 -5411 -5435 -5440 -5393 -5106 -5197 -5284 -5281 -5215 -5098 -5039 -4984 -4813 -4548 -3982 -2033 -1389 -359 -192 152 838 838 1113 1311 1143 1128 1097 1097 1128 1143 1280 1051 1067 1067 1006 990 975 1005 960
-4529 -4004 -3972 -4003 -4016 -3729 -3594 -3597 -3578 -2632 -2992 -2977 -2522 -3006 -3586 -3971 -3866 -3555 -3607 -3858 -4482 -4605 -4619 -4061 -4970 -4996 -5019 -4998 -4979 -4878 -4992 -5056 -5383 -5022 -5385 -5371 -5418 -5376 -5398 -5419 -5423 -5407 -5413 -5439 -5416 -5313 -5039 -5046 -5255 -5205 -5109 -4935 -4997 -4913 -4368 -3009 -1312 -1287 -1109 -500 -261 -119 488 991 1067 1280 1326 1280 1204 1326 1493 1707 1402 1158 1067 1067 1067 1021 975 975 960
-4378 -4099 -4087 -3999 -4001 -3983 -3756 -3649 -3762 -3575 -3386 -3008 -2606 -2716 -2982 -2971 -2981 -3359 -3589 -3810 -4380 -4805 -5017 -4999 -4993 -4997 -4980 -4657 -4881 -4843 -4978 -5188 -5404 -5413 -5385 -5386 -5423 -5364 -5453 -5416 -5375 -5386 -5406 -5418 -5401 -5339 -5007 -4917 -3732 -4999 -4995 -4881 -4776 -2062 -2168 -2378 -2172 -1276 -1190 -607 -323 -179 -25 564 1265 915 1158 1265 1250 1432 1509 1417 1326 1295 1250 1234 1219 1143 1036 1006 975
-4213 -4414 -4577 -4560 -4005 -4006 -4000 -3606 -3596 -3594 -3235 -2998 -2782 -2993 -3041 -3155 -3311 -3817 -3953 -4018 -4501 -4458 -4038 -4985 -4987 -4061 -4941 -4926 -4876 -4999 -5129 -5053 -5055 -5236 -5383 -5024 -5028 -5359 -5420 -5365 -5300 -5392 -5408 -5396 -5227 -5324 -5072 -4416 -4196 -4583 -4399 -3046 -2973 -2048 -2014 -2381 -2389 -1669 -1596 -1119 -597 -260 -129 214 610 838 883 1143 1341 1555 1493 1357 1326 1295 1250 1234 1219 1097 1036 1006 975
-4536 -4572 -4319 -4009 -3996 -3999 -4010 -3989 -3983 -3579 -3029 -3007 -2965 -2988 -3570 -3562 -3028 -3064 -3847 -4576 -4017 -4973 -4072 -4988 -5001 -4966 -4689 -4710 -4608 -5199 -5027 -5107 -5266 -5024 -5413 -5621 -5371 -5349 -5412 -5389 -5390 -5388 -5399 -5285 -4814 -4518 -4366 -4321 -4206 -4013 -3412 -2966 -2315 -3343 -3679 -3598 -3199 -2981 -2398 -1796 -999 -403 -192 -47 458 1204 1037 1326 1555 1386 1432 1402 1372 1326 1280 1265 1204 1143 1143 1112 1067
-4599 -4600 -4637 -4260 -4000 -4000 -4000 -3981 -3862 -3977 -3061 -3011 -2970 -2739 -3044 -3396 -3763 -3913 -4562 -4586 -4383 -4857 -4988 -4868 -4844 -4920 -4815 -4837 -5010 -5379 -5383 -4639 -4633 -5394 -5386 -5506 -5405 -5371 -5392 -5400 -5394 -5415 -5214 -4868 -4597 -4409 -4336 -4195 -3851 -3486 -2980 -2938 -3722 -4280 -4229 -3920 -3607 -3403 -2992 -2389 -1404 -651 -221 -114 198 686 960 1524 1387 1493 1524 1554 1539 1371 1295 1280 1234 1158 1173 1112 1082
-4599 -4601 -4365 -3994 -3984 -4000 -4000 -3978 -3603 -3039 -3035 -3554 -2988 -3025 -3009 -3008 -3220 -4097 -4587 -4558 -4597 -4594 -4605 -5169 -5177 -5202 -5013 -5012 -4934 -5199 -5365 -5351 -5297 -5359 -5319 -5184 -5379 -5399 -5389 -5074 -5391 -5343 -5005 -4896 -4777 -4648 -4187 -3468 -3003 -2937 -3036 -2983 -3968 -3972 -4301 -4145 -3980 -3652 -3200 -2603 -1901 -808 -244 -136 -49 427 778 1265 1372 1372 1661 1752 1493 1387 1372 1341 1326 1234 1158 1112 1067
-4593 -4569 -4348 -4018 -4000 -3999 -3994 -3622 -3576 -3114 -2998 -3530 -3557 -3241 -3868 -3950 -4108 -4051 -4610 -4600 -4587 -4881 -5202 -5100 -5196 -4996 -5092 -5183 -5179 -5386 -5291 -5285 -5229 -5406 -5448 -5424 -5336 -5434 -5304 -5197 -5172 -5198 -5189 -4999 -4851 -4590 -3589 -2816 -2653 -2594 -2593 -3018 -4275 -4394 -4453 -4246 -4035 -3807 -3480 -3053 -2499 -1393 -306 -189 -109 168 610 1067 1418 1753 1905 1645 1493 1432 1372 1341 1310 1219 1158 1112 1067
-4599 -4607 -4471 -4002 -4004 -4001 -3980 -3786 -3698 -3571 -3573 -3030 -3038 -3582 -3624 -4070 -4438 -3954 -4606 -4593 -4585 -4785 -5005 -5223 -5196 -5130 -4646 -5391 -5371 -5200 -5402 -5542 -5632 -5644 -5598 -5468 -5412 -5211 -5224 -5206 -5077 -5000 -4926 -4842 -4599 -3611 -2616 -2440 -2400 -2397 -2989 -4596 -4185 -4373 -4516 -4329 -4116 -3883 -3600 -3198 -2709 -1602 -450 -201 -124 152 686 1036 1296 1706 1600 1463 1402 1357 1326 1311 1295 1250 1188 1112 1067
-4603 -4599 -4566 -4402 -4018 -3601 -3345 -3571 -3059 -3360 -2953 -3607 -3580 -3303 -3576 -3950 -4590 -4577 -4351 -4776 -4995 -4998 -5191 -5200 -5104 -5391 -5388 -5430 -5493 -5576 -5634 -5038 -5550 -5532 -5492 -5535 -5398 -5324 -5269 -5248 -5221 -5010 -4604 -4605 -4199 -3592 -2556 -2300 -2008 -2333 -3287 -4750 -4337 -4336 -4555 -4399 -4108 -3859 -3599 -3194 -2604 -1794 -606 -228 -145 107 457 762 1372 1706 1463 1417 1387 1326 1296 1280 1234 1189 1173 1112 1067
-4030 -4106 -3952 -3962 -4017 -4042 -3982 -3047 -3007 -2257 -2914 -3525 -3529 -3985 -3814 -3604 -4020 -4854 -4616 -4425 -4577 -4536 -4846 -5098 -5186 -5264 -4647 -4981 -5004 -4986 -5207 -5579 -5597 -5208 -5521 -5540 -5304 -5063 -5072 -5193 -5240 -5176 -5190 -4619 -4760 -3619 -2610 -1993 -1928 -2328 -3003 -4594 -4629 -4680 -4598 -4401 -4171 -3876 -3630 -3392 -2898 -2199 -1061 -255 -198 168 564 976 1676 1493 1326 1265 1250 1219 1219 1189 1189 1158 1143 1097 1067
-4018 -4107 -3892 -3975 -4011 -4009 -3969 -3593 -3567 -2794 -3000 -3005 -3321 -3977 -4011 -3994 -4042 -4279 -4178 -4154 -3974 -4606 -5186 -4984 -4646 -5105 -4996 -4658 -5288 -5199 -5222 -5033 -5135 -5584 -5575 -5265 -5276 -5125 -5198 -5200 -5235 -5292 -5282 -5006 -4849 -3992 -3047 -1924 -1595 -1540 -2942 -4048 -4810 -4849 -4629 -4434 -4203 -4110 -3978 -3600 -3304 -2598 -1396 -400 -200 -48 503 914 1448 1478 1356 1219 1189 1174 1158 1128 1113 1158 1143 1097 1067
-4543 -4126 -3952 -4000 -4003 -3979 -3838 -3951 -3305 -3556 -2379 -3004 -2979 -3975 -3979 -3995 -4193 -4193 -3968 -4580 -4602 -4611 -4989 -5180 -4996 -4637 -5124 -4625 -5122 -5188 -4996 -4841 -5021 -5384 -5313 -5361 -5211 -5152 -5199 -5200 -5197 -5282 -5312 -5178 -4825 -4007 -3971 -2215 -1203 -1167 -2673 -4213 -4877 -4905 -4722 -4493 -4340 -4284 -4186 -3875 -3494 -2801 -1797 -606 -166 -114 458 899 1418 1508 1478 1188 1219 1112 1112 1067 1036 1067 1036 1036 1021
-3995 -3999 -3990 -4000 -4009 -3816 -3573 -3038 -3027 -2681 -2992 -3571 -3856 -3620 -3786 -4028 -4104 -4213 -4597 -4592 -4612 -4675 -4588 -4601 -4905 -4780 -4608 -4616 -4876 -4996 -4988 -5006 -4997 -4926 -5004 -5197 -5170 -5015 -5208 -4998 -4995 -5021 -5117 -4992 -4787 -4029 -3588 -2083 -999 -1660 -3838 -4210 -4788 -4873 -4764 -4576 -4462 -4382 -4311 -4006 -3677 -3011 -2201 -707 -249 -133 259 869 1341 1585 1326 1143 1128 1097 1097 1036 1006 929 1036 1036 1021
-3997 -3999 -4001 -4001 -4022 -3750 -3416 -2903 -2422 -2759 -2998 -3000 -3039 -3323 -3983 -4195 -4206 -4204 -4311 -4195 -4197 -4143 -4589 -4615 -4613 -4597 -4994 -4618 -4569 -4647 -4622 -4927 -4965 -4862 -4960 -5185 -4890 -5171 -5194 -5266 -5125 -4999 -4758 -4581 -4102 -3243 -2588 -1506 -1351 -1965 -4318 -4796 -4800 -4840 -4807 -4702 -4600 -4489 -4367 -4110 -3711 -3101 -2195 -800 -266 -188 229 549 1036 1570 1402 975 1067 1067 990 975 929 884 960 975 1006
-3999 -4000 -4000 -3999 -3832 -3966 -3407 -3028 -3529 -2995 -3388 -3396 -3414 -3585 -3050 -3876 -4195 -4091 -4025 -3984 -4015 -4233 -4389 -4573 -4603 -4644 -4868 -4604 -4603 -4587 -4599 -4582 -4812 -5038 -5044 -5186 -5166 -5066 -4611 -5198 -5000 -4904 -3989 -2792 -3532 -2611 -2007 -1644 -1960 -3971 -4915 -4953 -4819 -4807 -4799 -4799 -4685 -4579 -4453 -4156 -3787 -3309 -2293 -902 -401 -241 -49 549 1265 1555 1143 960 1006 960 1036 991 853 884 930 945 991
-3999 -3999 -3998 -4001 -3994 -3628 -3037 -2895 -2480 -2074 -2825 -3575 -3597 -3046 -3588 -3645 -3913 -3961 -3996 -4195 -4195 -4292 -4590 -4622 -4588 -4376 -4499 -4609 -4596 -4598 -4601 -4620 -4989 -4997 -5097 -4999 -4619 -5005 -4685 -4894 -4682 -4601 -3878 -2599 -2574 -3004 -3920 -3734 -4857 -5062 -5204 -4978 -4800 -4814 -4520 -4786 -4783 -4707 -4591 -4302 -3940 -3494 -2610 -1530 -503 -275 -117 457 838 1372 960 822 991 1174 1158 960 853 884 884 899 1006
-4000 -4000 -4001 -4017 -3994 -3966 -3977 -3580 -3002 -2651 -2999 -3570 -3564 -3598 -3610 -3692 -3986 -3630 -4010 -4181 -4186 -4074 -4205 -4189 -4283 -4312 -4601 -4612 -4599 -4600 -4601 -4577 -4630 -4961 -5044 -5062 -4995 -4839 -4598 -4599 -4604 -4204 -3339 -2483 -2989 -4274 -4798 -4803 -4800 -4791 -5032 -4978 -4919 -4849 -4761 -4718 -4799 -4787 -4669 -4436 -4190 -3797 -3191 -2068 -1195 -458 -201 229 594 1021 1097 717 1204 1295 1037 868 823 884 868 975 1052
-3999 -4000 -3988 -3769 -2661 -3965 -3663 -3598 -3026 -2759 -3015 -3459 -3601 -3572 -3210 -2981 -3582 -3602 -4005 -4010 -4195 -3733 -4159 -4196 -4218 -4378 -4382 -4408 -4596 -4600 -4602 -4588 -4613 -4701 -4714 -4994 -4841 -4633 -4611 -4511 -4416 -3789 -2984 -3608 -4607 -4855 -4942 -4829 -4673 -3378 -4902 -5006 -5000 -4614 -4985 -4053 -4714 -4812 -4708 -4500 -4273 -3795 -3105 -2398 -1505 -795 -210 -93 259 427 533 473 930 945 822 838 777 823 930 1006 1082
-3996 -3996 -4021 -4063 -4006 -3989 -3970 -3663 -2589 -2866 -2954 -2973 -2993 -2805 -3015 -3572 -3595 -3723 -4004 -4003 -4195 -4195 -4197 -4199 -4211 -4379 -4545 -4538 -4583 -4598 -4600 -4593 -4618 -4611 -4590 -4677 -4634 -4602 -4487 -4314 -4191 -3634 -2992 -2340 -4934 -5033 -4980 -4994 -4792 -4980 -5006 -5003 -5000 -5014 -5031 -4765 -4751 -4809 -4685 -4399 -4142 -3802 -3198 -2590 -1398 -234 -144 -101 -81 168 914 534 793 762 792 580 701 823 838 883 1113
-3992 -3970 -3940 -3779 -3567 -3266 -2991 -3074 -2741 -2598 -2961 -3018 -3001 -3004 -3006 -3494 -3598 -3885 -4001 -3988 -4086 -4200 -4204 -4208 -4203 -4339 -4506 -4505 -4573 -4598 -4601 -4606 -4668 -4632 -4543 -4503 -4401 -4424 -4361 -4105 -3248 -3092 -2778 -5075 -5498 -5279 -5016 -5001 -4803 -4973 -5000 -5012 -5039 -4988 -5018 -4939 -4842 -4775 -4562 -4206 -3979 -3667 -3083 -2406 -1519 -449 -169 -81 -94 -100 366 762 914 823 899 915 929 777 945 991 929
-4003 -3813 -3986 -3599 -3590 -3599 -3645 -3044 -3052 -2998 -2629 -2994 -3563 -3589 -3605 -3666 -3628 -3888 -3996 -3999 -4019 -4141 -4174 -4151 -4155 -4551 -4589 -4650 -4618 -4666 -4711 -4619 -4603 -4614 -4568 -4582 -4441 -4192 -4122 -3779 -2504 -2580 -2103 -4939 -5570 -5295 -5043 -5010 -4985 -5041 -5044 -5042 -5050 -5033 -5016 -4935 -4853 -4655 -4210 -4046 -3910 -3586 -3010 -2599 -1787 -572 -221 -184 -174 -142 122 656 1067 960 945 990 945 914 899 991 1067
-4009 -3974 -3743 -3576 -3597 -3600 -3422 -2983 -3007 -3008 -2993 -2857 -3019 -3594 -3975 -3967 -3991 -3660 -3589 -3592 -3870 -4086 -4225 -4479 -4596 -4625 -4636 -4664 -4650 -4778 -4926 -4603 -4528 -4598 -4662 -4625 -4009 -3377 -3030 -3622 -3530 -2030 -1020 -2081 -5126 -5121 -5022 -5050 -5048 -5062 -5056 -5048 -5063 -5079 -5029 -4900 -4849 -4559 -4365 -4202 -3989 -3593 -3104 -2797 -1997 -611 -432 -208 -193 -166 -118 412 990 945 899 899 914 853 1021 945 1021
-3988 -3878 -3695 -3596 -3597 -3609 -3163 -3579 -3003 -2999 -2980 -3072 -3581 -3589 -3622 -3598 -3676 -2732 -2621 -4177 -4183 -4118 -4215 -4598 -4553 -4496 -4519 -4552 -4495 -4619 -4734 -4405 -4526 -4792 -4579 -4224 -3992 -2575 -2028 -4172 -4489 -3066 -1587 -3983 -5021 -4965 -4999 -5055 -5076 -5072 -5052 -5045 -5083 -5092 -4996 -4879 -4896 -4807 -4412 -4308 -4004 -3683 -3294 -3000 -2491 -1438 -923 -276 -179 -209 -170 183 610 914 762 899 914 945 991 1021 1067
-4002 -3981 -3607 -3541 -3587 -3652 -2998 -2998 -3002 -2995 -2995 -3020 -3002 -3490 -3588 -3852 -3990 -4264 -4246 -4443 -4426 -4597 -4592 -4433 -4370 -4354 -4396 -4400 -4410 -4261 -4595 -4400 -4419 -4690 -4295 -3612 -3372 -3996 -4488 -4485 -4348 -2963 -2037 -4999 -4956 -4886 -5014 -5075 -5092 -5076 -5038 -5001 -4961 -4890 -4806 -4841 -4901 -4862 -4683 -4400 -4001 -3711 -3326 -2989 -2835 -2404 -1988 -575 -293 -251 -201 -98 229 305 610 914 1036 1036 1249 1296 1372
-4000 -3795 -3836 -3967 -3968 -3547 -3572 -3567 -3014 -2982 -3003 -3514 -3541 -3598 -3560 -3726 -4205 -4422 -4446 -4471 -4438 -4432 -4369 -4318 -4293 -4289 -4298 -4301 -4287 -4004 -4610 -4438 -4587 -3528 -3411 -3457 -4470 -4534 -4488 -4248 -2635 -2081 -4257 -4796 -4829 -4920 -5028 -5081 -5103 -5080 -5015 -5037 -4585 -4300 -4729 -4855 -4900 -4867 -4739 -4355 -4186 -3803 -3519 -3400 -3057 -2742 -2000 -1001 -463 -320 -220 -169 -1 137 656 960 1127 1128 1174 1204 1357
-3807 -3655 -3668 -3620 -3461 -2996 -3120 -3000 -2992 -2990 -3000 -3407 -3596 -3614 -3999 -4000 -4228 -4335 -4342 -4317 -4299 -4285 -4257 -4214 -4212 -4183 -4199 -4212 -3584 -3620 -4396 -4200 -3981 -3338 -3795 -4363 -4135 -4500 -4422 -4223 -2099 -3977 -4766 -4763 -4897 -4988 -5038 -5067 -5125 -5114 -5028 -4978 -4793 -4649 -4835 -4940 -4950 -4885 -4771 -4400 -4172 -3950 -3616 -3232 -3355 -2810 -2590 -1835 -798 -335 -188 -196 -119 275 457 397 1296 1493 1326 1448 1372
-3600 -3601 -3600 -3370 -3350 -2994 -2985 -3004 -2988 -2993 -3009 -3621 -3593 -3690 -3627 -3829 -4039 -4178 -4214 -4166 -4133 -4119 -4141 -4002 -3980 -4089 -4153 -3613 -4030 -4028 -3999 -3995 -3861 -3967 -4174 -2520 -2609 -4382 -4513 -3931 -1843 -4373 -4741 -4765 -4990 -4902 -5004 -5024 -5164 -5174 -5017 -5005 -4958 -4966 -5000 -5011 -4982 -4890 -4827 -4565 -4315 -4052 -3701 -3424 -3602 -3398 -3120 -2501 -1603 -568 -215 -200 -70 183 1067 426 686 1372 1219 731 701
-3981 -3979 -3602 -3579 -3595 -3024 -3014 -3000 -2993 -3006 -3515 -3391 -3036 -3593 -4011 -3994 -3997 -4113 -4145 -4085 -4033 -3996 -4071 -4158 -4218 -4224 -4169 -4039 -4014 -3839 -1688 -3798 -3619 -4015 -3800 -2605 -3557 -4503 -4619 -2382 -2952 -3713 -4628 -4706 -4950 -3580 -4981 -5044 -5199 -5177 -5021 -5064 -5062 -5058 -5069 -5054 -5001 -4887 -4814 -4727 -4597 -4263 -4002 -3999 -4003 -3800 -3533 -3245 -2745 -1490 -418 -374 61 107 1067 990 762 914 914 518 793
-3893 -3704 -3633 -3561 -3591 -3017 -2999 -2997 -2981 -3045 -3043 -3460 -3609 -3999 -4000 -4010 -4049 -4087 -4089 -4059 -4016 -4033 -4150 -4222 -4199 -4201 -4054 -4016 -3799 -3408 -3591 -3903 -3657 -3570 -3810 -4296 -4489 -4654 -4766 -4649 -4415 -4426 -4599 -4801 -5001 -4903 -5002 -5196 -5243 -5200 -5166 -5165 -5159 -5132 -5100 -5053 -4987 -4901 -4831 -4782 -4731 -4532 -4400 -4330 -4276 -4140 -3940 -3686 -3323 -2212 -1009 -511 -98 122 442 762 960 579 457 442 366
-3642 -3572 -3572 -3464 -3538 -2970 -2999 -2998 -3001 -3407 -3565 -3579 -3740 -3997 -4004 -4038 -4087 -4068 -4053 -4066 -4104 -4194 -4260 -4293 -4256 -4182 -3993 -3979 -3500 -2978 -3820 -4034 -4002 -2038 -3780 -4406 -4602 -4707 -4706 -4666 -4698 -4702 -4753 -4879 -4999 -5056 -5110 -5261 -5292 -5254 -5218 -5200 -5189 -5156 -5112 -5056 -5000 -4966 -4901 -4855 -4800 -4659 -4576 -4479 -4432 -4402 -4275 -4106 -3798 -3102 -2487 -541 -195 46 336 305 182 198 259 152 121
-3596 -3591 -3542 -3254 -3005 -2992 -2998 -3001 -3067 -3593 -3664 -3739 -3675 -4003 -4001 -4016 -4032 -4008 -3999 -4066 -4167 -4265 -4335 -4334 -4295 -4092 -2564 -3666 -2661 -2075 -4135 -4125 -4388 -4104 -4318 -4580 -4677 -4736 -4733 -4731 -4759 -4799 -4878 -4994 -5046 -5089 -5181 -5283 -5310 -5281 -5232 -5191 -5168 -5149 -5116 -5070 -5032 -5020 -4899 -4899 -4804 -4743 -4669 -4600 -4566 -4553 -4502 -4377 -4168 -3788 -3193 -1987 -400 -147 -94 137 76 -1 -21 -23 -60
-3983 -3043 -3014 -3025 -2991 -3009 -3021 -3565 -3313 -3979 -3860 -3984 -3959 -4013 -4026 -4019 -4011 -3995 -3936 -4077 -4191 -4220 -3994 -4001 -4052 -3304 -2663 -3073 -3005 -4265 -4248 -4138 -4469 -4585 -4145 -4709 -4756 -4773 -4784 -4822 -4881 -4951 -5039 -5104 -5181 -5201 -5234 -5278 -5285 -5243 -5173 -5116 -5114 -5126 -5116 -5087 -5053 -5013 -4950 -4912 -4900 -4704 -4695 -4694 -4673 -4642 -4600 -4517 -4346 -3892 -3247 -2727 -2249 -736 -110 -98 -99 -100 -103 -102 -92
-3670 -2914 -2992 -2964 -3174 -3574 -3585 -3501 -3593 -3046 -3733 -4028 -4000 -4012 -4041 -4040 -4017 -3998 -3976 -4026 -3996 -3951 -3643 -3863 -3736 -3136 -2979 -3428 -4205 -4483 -4376 -4428 -4637 -4701 -4796 -4824 -4832 -4839 -4867 -4945 -5013 -5069 -5139 -5201 -5213 -5226 -5230 -5227 -5198 -5124 -5052 -5024 -5050 -5101 -5111 -5097 -5087 -5044 -4995 -4957 -4938 -4867 -4840 -4784 -4800 -4764 -4700 -4649 -4492 -4171 -3862 -3406 -3005 -2285 -538 -57 -10 -85 -98 -19 -53
