east-coast-sediment-db/ecst0500/data-layers/noaa-bathymetry/world30/world30.asc
ncols  721
nrows  361
xllcorner  -180
yllcorner  -90
cellsize    0.5
[rows 0 to 35 of 361, columns 0 to 80 of 721]
-4290 -4290 -4290 -4290 -4290 -4290 -4290 -4290 -4290 -4290 -4290 -4290 -4290 -4290 -4290 -4290 -4290 -4290 -4290 -4290 -4290 -4290 -4290 -4290 -4290 -4290 -4290 -4290 -4290 -4290 -4290 -4290 -4290 -4290 -4290 -4290 -4290 -4290 -4290 -4290 -4290 -4290 -4290 -4290 -4290 -4290 -4290 -4290 -4290 -4290 -4290 -4290 -4290 -4290 -4290 -4290 -4290 -4290 -4290 -4290 -4290 -4290 -4290 -4290 -4290 -4290 -4290 -4290 -4290 -4290 -4290 -4290 -4290 -4290 -4290 -4290 -4290 -4290 -4290 -4290 -4290
-4048 -4043 -4034 -4027 -4023 -4021 -4018 -4011 -4004 -3999 -3988 -3984 -3982 -3979 -3971 -3963 -3961 -3959 -3955 -3958 -3970 -3967 -3960 -3949 -3942 -3940 -3938 -3930 -3913 -3902 -3897 -3894 -3891 -3875 -3853 -3846 -3850 -3854 -3856 -3857 -3856 -3857 -3854 -3851 -3840 -3830 -3806 -3794 -3788 -3792 -3797 -3786 -3768 -3766 -3766 -3766 -3757 -3742 -3726 -3717 -3700 -3667 -3655 -3635 -3622 -3606 -3588 -3574 -3571 -3576 -3577 -3570 -3555 -3548 -3547 -3532 -3501 -3482 -3444 -3412 -3399
-2791 -2788 -2786 -2782 -2814 -2769 -2746 -2727 -2737 -2763 -2820 -2835 -2827 -2820 -2804 -2756 -2770 -2808 -2815 -2783 -2773 -2804 -2872 -2900 -2876 -2933 -2999 -3045 -3080 -3125 -3146 -3176 -3226 -3241 -3264 -3324 -3362 -3409 -3479 -3531 -3583 -3606 -3612 -3617 -3653 -3665 -3672 -3684 -3702 -3705 -3706 -3711 -3729 -3758 -3757 -3744 -3717 -3686 -3682 -3698 -3699 -3681 -3684 -3720 -3746 -3753 -3741 -3705 -3664 -3649 -3649 -3633 -3629 -3614 -3603 -3570 -3539 -3503 -3502 -3486 -3489
-3580 -3604 -3622 -3641 -3661 -3686 -3696 -3721 -3740 -3747 -3766 -3781 -3793 -3808 -3827 -3815 -3784 -3770 -3748 -3719 -3705 -3664 -3610 -3586 -3562 -3528 -3500 -3445 -3414 -3431 -3402 -3395 -3423 -3446 -3493 -3574 -3642 -3684 -3727 -3760 -3818 -3885 -3909 -3946 -3971 -3964 -3949 -3928 -3900 -3861 -3830 -3812 -3794 -3779 -3768 -3772 -3784 -3801 -3827 -3837 -3847 -3858 -3860 -3854 -3858 -3867 -3868 -3871 -3859 -3848 -3842 -3842 -3851 -3854 -3839 -3834 -3832 -3833 -3834 -3838 -3831
-3724 -3704 -3713 -3710 -3707 -3708 -3733 -3739 -3739 -3750 -3800 -3823 -3836 -3858 -3882 -3883 -3875 -3846 -3827 -3828 -3815 -3781 -3771 -3767 -3764 -3777 -3797 -3814 -3823 -3796 -3763 -3766 -3752 -3728 -3710 -3690 -3684 -3701 -3711 -3742 -3786 -3810 -3834 -3853 -3840 -3804 -3765 -3694 -3650 -3624 -3575 -3524 -3479 -3437 -3449 -3464 -3480 -3519 -3531 -3550 -3566 -3576 -3586 -3596 -3595 -3590 -3584 -3571 -3544 -3524 -3508 -3495 -3479 -3471 -3460 -3457 -3454 -3458 -3449 -3439 -3439
-3651 -3651 -3662 -3674 -3662 -3636 -3633 -3635 -3669 -3696 -3737 -3782 -3840 -3896 -3922 -3949 -3964 -3978 -3988 -3997 -4003 -4009 -4013 -4014 -4008 -3999 -3983 -3971 -3957 -3936 -3898 -3863 -3834 -3797 -3746 -3692 -3643 -3605 -3582 -3560 -3527 -3522 -3538 -3555 -3549 -3499 -3458 -3429 -3398 -3358 -3298 -3222 -3178 -3183 -3167 -3134 -3105 -3079 -3076 -3082 -3086 -3076 -3062 -3056 -3049 -3032 -3012 -2992 -2974 -2964 -2959 -2950 -2933 -2912 -2884 -2853 -2821 -2787 -2759 -2742 -2736
-3939 -3942 -3943 -3943 -3942 -3941 -3941 -3940 -3943 -3948 -3949 -3957 -3965 -3974 -3980 -3979 -3981 -3979 -3971 -3958 -3946 -3934 -3928 -3928 -3928 -3934 -3947 -3956 -3959 -3951 -3939 -3913 -3874 -3832 -3794 -3758 -3707 -3658 -3621 -3586 -3548 -3508 -3482 -3462 -3440 -3414 -3385 -3364 -3339 -3313 -3291 -3258 -3211 -3163 -3117 -3069 -3011 -2940 -2892 -2847 -2804 -2756 -2713 -2690 -2672 -2658 -2647 -2639 -2638 -2637 -2633 -2620 -2602 -2581 -2558 -2533 -2509 -2485 -2476 -2465 -2456
-3898 -3913 -3917 -3931 -3937 -3936 -3933 -3916 -3907 -3877 -3871 -3856 -3836 -3834 -3817 -3826 -3804 -3778 -3772 -3726 -3702 -3668 -3647 -3637 -3616 -3612 -3603 -3601 -3599 -3591 -3583 -3580 -3568 -3560 -3554 -3551 -3543 -3528 -3509 -3481 -3446 -3393 -3336 -3265 -3190 -3122 -3064 -3023 -3014 -3014 -3014 -3016 -3024 -3023 -2992 -2954 -2903 -2836 -2759 -2686 -2625 -2582 -2552 -2536 -2526 -2521 -2520 -2522 -2523 -2517 -2491 -2462 -2428 -2390 -2355 -2328 -2314 -2295 -2257 -2218 -2182
-3215 -3161 -3127 -3122 -3082 -3047 -3059 -3037 -3014 -3002 -3009 -2998 -2968 -2947 -2920 -2900 -2852 -2831 -2804 -2784 -2757 -2734 -2689 -2670 -2695 -2703 -2730 -2781 -2824 -2828 -2846 -2874 -2912 -2944 -2978 -3005 -3034 -3052 -3066 -3069 -3067 -3043 -3004 -2920 -2806 -2698 -2607 -2590 -2641 -2737 -2823 -2923 -2965 -2941 -2885 -2826 -2742 -2654 -2590 -2543 -2507 -2485 -2468 -2458 -2453 -2450 -2451 -2446 -2412 -2353 -2266 -2174 -2091 -2026 -1998 -2003 -2012 -2017 -2028 -2022 -2007
-2306 -2210 -2102 -2016 -1970 -1963 -2002 -2055 -2074 -2100 -2110 -2082 -2052 -2045 -2013 -1993 -1957 -1958 -1967 -1988 -2076 -2124 -2177 -2237 -2276 -2325 -2344 -2364 -2361 -2367 -2356 -2389 -2396 -2421 -2430 -2451 -2449 -2460 -2454 -2463 -2464 -2455 -2442 -2405 -2364 -2327 -2312 -2315 -2339 -2378 -2411 -2447 -2482 -2492 -2485 -2475 -2445 -2420 -2406 -2387 -2371 -2354 -2332 -2318 -2310 -2302 -2298 -2298 -2276 -2222 -2150 -2073 -2004 -1976 -1974 -1983 -1989 -1991 -1990 -1976 -1945
-2168 -2135 -2086 -2019 -1976 -1959 -1959 -1971 -1978 -1972 -1973 -1916 -1843 -1746 -1654 -1601 -1583 -1582 -1577 -1589 -1679 -1788 -1913 -2029 -2041 -2030 -2007 -1983 -1970 -1970 -1957 -1965 -1975 -1988 -2000 -2011 -2018 -2020 -2018 -2030 -2029 -2034 -2030 -2025 -2047 -2069 -2118 -2156 -2169 -2187 -2203 -2219 -2238 -2248 -2240 -2220 -2200 -2174 -2148 -2124 -2100 -2082 -2068 -2062 -2059 -2054 -2040 -2029 -2019 -2006 -2003 -2002 -1996 -1987 -1983 -1979 -1978 -1983 -1986 -1978 -1945
-2286 -2278 -2277 -2273 -2257 -2223 -2170 -2115 -2061 -2028 -2010 -2001 -1992 -1990 -1988 -1985 -1985 -2001 -1999 -1996 -1983 -1943 -1942 -1946 -1956 -1959 -1963 -1977 -1982 -1983 -1972 -1970 -1970 -1976 -1985 -1985 -1984 -1985 -1987 -1967 -1890 -1799 -1700 -1643 -1624 -1609 -1614 -1639 -1698 -1765 -1842 -1871 -1927 -1960 -1975 -1958 -1933 -1924 -1925 -1933 -1933 -1944 -1961 -1990 -2042 -2109 -2187 -2220 -2195 -2152 -2121 -2112 -2083 -2043 -2013 -2006 -2035 -2061 -2067 -2078 -2098
-2423 -2369 -2328 -2315 -2310 -2295 -2268 -2233 -2193 -2152 -2109 -2071 -2052 -2040 -2021 -2001 -1966 -1907 -1844 -1747 -1734 -1676 -1664 -1726 -1796 -1806 -1930 -2029 -2067 -2144 -2082 -2030 -2003 -1985 -1996 -2005 -2024 -2042 -2050 -2042 -1969 -1874 -1728 -1655 -1607 -1572 -1554 -1583 -1631 -1715 -1816 -1904 -2044 -2211 -2346 -2474 -2500 -2505 -2525 -2508 -2431 -2336 -2281 -2294 -2383 -2459 -2514 -2527 -2479 -2421 -2396 -2400 -2407 -2427 -2452 -2487 -2524 -2551 -2580 -2570 -2595
-2439 -2372 -2323 -2302 -2290 -2272 -2248 -2223 -2208 -2195 -2178 -2163 -2153 -2155 -2166 -2178 -2240 -2298 -2385 -2487 -2676 -2751 -2705 -2659 -2722 -2960 -3105 -3165 -3145 -3092 -3009 -2872 -2688 -2480 -2358 -2319 -2372 -2452 -2534 -2615 -2680 -2735 -2769 -2755 -2739 -2701 -2684 -2671 -2717 -2791 -2888 -2912 -2926 -2942 -2986 -3029 -3029 -3018 -2993 -2944 -2844 -2723 -2627 -2600 -2650 -2719 -2780 -2781 -2754 -2733 -2736 -2744 -2757 -2778 -2802 -2824 -2839 -2845 -2844 -2831 -2828
-2307 -2287 -2278 -2265 -2241 -2214 -2192 -2182 -2180 -2186 -2197 -2206 -2215 -2249 -2354 -2532 -2765 -2970 -3110 -3229 -3424 -3574 -3537 -3401 -3357 -3422 -3479 -3513 -3532 -3543 -3536 -3513 -3488 -3467 -3398 -3292 -3157 -3062 -3008 -3007 -3006 -3033 -3148 -3294 -3466 -3546 -3586 -3535 -3466 -3438 -3466 -3446 -3305 -3135 -3043 -3036 -3052 -3056 -3038 -3012 -2984 -2977 -2977 -2982 -2986 -2996 -3007 -3000 -2992 -2990 -3001 -3008 -3018 -3026 -3033 -3036 -3039 -3045 -3054 -3077 -3112
-2269 -2253 -2230 -2198 -2171 -2160 -2167 -2191 -2224 -2262 -2302 -2339 -2398 -2515 -2705 -2884 -3034 -3156 -3282 -3476 -3729 -3895 -3826 -3648 -3539 -3516 -3512 -3529 -3599 -3696 -3767 -3807 -3856 -3907 -3913 -3848 -3693 -3536 -3404 -3352 -3306 -3350 -3483 -3664 -3815 -3896 -3906 -3819 -3670 -3553 -3501 -3501 -3428 -3281 -3106 -2999 -2977 -2995 -3017 -3021 -3012 -3006 -3036 -3090 -3132 -3115 -3044 -2958 -2912 -2915 -2946 -2994 -3062 -3132 -3181 -3213 -3248 -3304 -3375 -3437 -3484
-2199 -2160 -2104 -2061 -2071 -2132 -2210 -2290 -2382 -2475 -2591 -2746 -2933 -3105 -3211 -3246 -3290 -3363 -3451 -3587 -3754 -3816 -3713 -3582 -3527 -3540 -3555 -3578 -3661 -3778 -3846 -3856 -3861 -3869 -3875 -3874 -3859 -3831 -3805 -3783 -3760 -3750 -3767 -3805 -3844 -3868 -3858 -3817 -3774 -3753 -3654 -3582 -3516 -3449 -3302 -3104 -2982 -3011 -3107 -3182 -3201 -3191 -3198 -3233 -3262 -3238 -3131 -2985 -2924 -2950 -2982 -3031 -3125 -3210 -3271 -3325 -3385 -3455 -3522 -3560 -3573
-2101 -2055 -2023 -2041 -2115 -2206 -2284 -2375 -2496 -2649 -2838 -3038 -3209 -3330 -3374 -3352 -3334 -3355 -3399 -3441 -3467 -3461 -3424 -3390 -3378 -3394 -3429 -3466 -3510 -3573 -3642 -3701 -3762 -3790 -3804 -3789 -3765 -3756 -3776 -3800 -3809 -3807 -3805 -3801 -3800 -3800 -3801 -3812 -3844 -3868 -3841 -3835 -3827 -3764 -3659 -3571 -3473 -3434 -3439 -3474 -3488 -3475 -3452 -3458 -3519 -3573 -3601 -3617 -3645 -3617 -3568 -3533 -3515 -3514 -3508 -3512 -3525 -3548 -3577 -3598 -3604
-1978 -2063 -2126 -2167 -2198 -2227 -2260 -2330 -2450 -2581 -2753 -2964 -3141 -3261 -3328 -3326 -3302 -3302 -3322 -3346 -3363 -3360 -3338 -3307 -3286 -3290 -3292 -3264 -3230 -3214 -3230 -3258 -3259 -3274 -3376 -3512 -3575 -3577 -3546 -3512 -3496 -3545 -3653 -3741 -3786 -3802 -3795 -3798 -3827 -3867 -3887 -3892 -3901 -3909 -3902 -3871 -3840 -3799 -3750 -3707 -3690 -3688 -3692 -3691 -3702 -3747 -3813 -3882 -3927 -3909 -3854 -3808 -3805 -3816 -3796 -3764 -3737 -3719 -3715 -3718 -3726
-1619 -1734 -1872 -1977 -2053 -2107 -2132 -2158 -2195 -2269 -2377 -2526 -2741 -2963 -3117 -3183 -3211 -3245 -3276 -3288 -3302 -3315 -3314 -3307 -3310 -3325 -3323 -3274 -3194 -3117 -3045 -3005 -2995 -2973 -2974 -3108 -3322 -3439 -3449 -3382 -3353 -3430 -3514 -3621 -3802 -3933 -3914 -3838 -3811 -3851 -3896 -3907 -3919 -3948 -3974 -3971 -3941 -3893 -3840 -3800 -3781 -3770 -3761 -3752 -3749 -3759 -3783 -3812 -3831 -3829 -3813 -3798 -3798 -3802 -3796 -3782 -3769 -3762 -3761 -3765 -3775
-1444 -1469 -1476 -1528 -1702 -1875 -1940 -1983 -2018 -2080 -2201 -2366 -2530 -2653 -2749 -2842 -2957 -3089 -3186 -3200 -3201 -3238 -3285 -3303 -3314 -3332 -3319 -3237 -3122 -3030 -2941 -2811 -2667 -2575 -2525 -2530 -2654 -2858 -2980 -3029 -3241 -3471 -3524 -3602 -3805 -3978 -3960 -3872 -3847 -3853 -3836 -3832 -3860 -3902 -3945 -3963 -3950 -3921 -3870 -3820 -3798 -3792 -3786 -3779 -3772 -3767 -3762 -3759 -3758 -3758 -3755 -3748 -3743 -3741 -3741 -3743 -3745 -3748 -3755 -3767 -3782
-1503 -1497 -1474 -1486 -1588 -1691 -1727 -1803 -1938 -2016 -2114 -2251 -2387 -2483 -2498 -2470 -2522 -2692 -2864 -2966 -3027 -3116 -3235 -3233 -3185 -3148 -3027 -2798 -2679 -2689 -2633 -2514 -2370 -2248 -2241 -2348 -2504 -2828 -3123 -3246 -3370 -3393 -3322 -3242 -3133 -3184 -3374 -3416 -3409 -3369 -3279 -3313 -3509 -3696 -3791 -3816 -3846 -3874 -3855 -3821 -3809 -3807 -3806 -3804 -3803 -3803 -3803 -3803 -3803 -3800 -3787 -3764 -3743 -3731 -3729 -3732 -3738 -3743 -3748 -3757 -3773
-1501 -1501 -1501 -1509 -1565 -1605 -1549 -1501 -1597 -1788 -1962 -2046 -2096 -2174 -2323 -2373 -2340 -2385 -2458 -2632 -2874 -3023 -3068 -2995 -2881 -2669 -2313 -1954 -1849 -1849 -1890 -1888 -1723 -1565 -1579 -1771 -1880 -1998 -2259 -2374 -2091 -1602 -1311 -1143 -1216 -1537 -1678 -1918 -2243 -2571 -2809 -2964 -3119 -3313 -3347 -3323 -3533 -3754 -3801 -3809 -3808 -3812 -3813 -3814 -3814 -3812 -3810 -3811 -3812 -3807 -3799 -3782 -3759 -3743 -3736 -3736 -3741 -3747 -3750 -3752 -3760
-1501 -1501 -1495 -1496 -1522 -1542 -1517 -1491 -1479 -1547 -1765 -1942 -1988 -2000 -2077 -2178 -2245 -2349 -2451 -2461 -2352 -2059 -1730 -1463 -1167 -951 -891 -883 -919 -873 -762 -644 -559 -557 -598 -572 -491 -474 -597 -825 -981 -1264 -1729 -2205 -2559 -2802 -2955 -2804 -2378 -1932 -1673 -1818 -2336 -2663 -2364 -2022 -2246 -2918 -3488 -3785 -3832 -3812 -3811 -3814 -3816 -3815 -3812 -3810 -3808 -3804 -3798 -3788 -3771 -3757 -3748 -3746 -3747 -3749 -3750 -3750 -3751
-1490 -1499 -1471 -1349 -1167 -1093 -1066 -1074 -1285 -1530 -1754 -1958 -2011 -2009 -2022 -2060 -2114 -2144 -2107 -2017 -1746 -1167 -610 -384 -342 -338 -378 -442 -506 -516 -434 -360 -328 -312 -400 -495 -512 -850 -1396 -1636 -1811 -1904 -1885 -1726 -1721 -1735 -1711 -1660 -1507 -1341 -1337 -1534 -1680 -1551 -1347 -1449 -1882 -2431 -2922 -3386 -3710 -3809 -3811 -3815 -3817 -3816 -3813 -3810 -3807 -3802 -3797 -3790 -3778 -3766 -3758 -3755 -3754 -3753 -3751 -3749 -3749
-1480 -1525 -1529 -1441 -1168 -1034 -1042 -1017 -1135 -1399 -1537 -1637 -1735 -1929 -1994 -2004 -2078 -2105 -2045 -2005 -1989 -1648 -997 -609 -497 -513 -602 -596 -509 -459 -320 -265 -310 -567 -823 -853 -1219 -1277 -1628 -1658 -1593 -1617 -1731 -1517 -1486 -1457 -1414 -1301 -1225 -1144 -1154 -1292 -1343 -1334 -1536 -1957 -2508 -3012 -3410 -3730 -3806 -3814 -3816 -3818 -3818 -3817 -3814 -3810 -3806 -3802 -3798 -3791 -3781 -3771 -3764 -3760 -3759 -3757 -3753 -3750 -3752
-1177 -1384 -1468 -1460 -1616 -1579 -1498 -1548 -1813 -2004 -2054 -2108 -2062 -2032 -2024 -2092 -2216 -2280 -2264 -2207 -2143 -1858 -1544 -1144 -1033 -1073 -1194 -1201 -1054 -1043 -957 -824 -731 -687 -655 -750 -1067 -1384 -1836 -2141 -2219 -2097 -1922 -1572 -1263 -920 -664 -792 -874 -875 -1044 -1392 -1722 -2124 -2886 -3494 -3798 -3858 -3830 -3832 -3826 -3825 -3822 -3820 -3820 -3817 -3813 -3808 -3804 -3800 -3797 -3789 -3780 -3771 -3764 -3761 -3760 -3758 -3753 -3750 -3754
-1005 -989 -969 -970 -1070 -1367 -1624 -1892 -2028 -2054 -2236 -2355 -2346 -2280 -2254 -2294 -2336 -2364 -2371 -2314 -2254 -2220 -2118 -1915 -1752 -1642 -1307 -1033 -1026 -967 -831 -861 -1179 -1465 -1496 -1435 -1443 -1677 -2022 -2252 -2334 -2269 -2186 -2073 -1764 -1444 -1115 -981 -920 -1081 -1721 -2503 -3440 -3830 -3903 -3848 -3827 -3853 -3863 -3848 -3832 -3826 -3822 -3820 -3819 -3816 -3811 -3805 -3800 -3796 -3791 -3784 -3774 -3765 -3759 -3756 -3756 -3754 -3748 -3744 -3747
-639 -769 -961 -1027 -1081 -1280 -1526 -1770 -1972 -2030 -2014 -2010 -2014 -1995 -1978 -1964 -1919 -1915 -1929 -1726 -1463 -1123 -826 -570 -351 -296 -239 -329 -515 -506 -480 -650 -1262 -1894 -2003 -1933 -1624 -1653 -1967 -2133 -2148 -2000 -1869 -1480 -1092 -913 -953 -1369 -2148 -3261 -3873 -4123 -4062 -3869 -3798 -3785 -3793 -3818 -3833 -3831 -3823 -3820 -3819 -3819 -3818 -3815 -3809 -3803 -3798 -3792 -3784 -3776 -3766 -3756 -3749 -3744 -3739 -3733 -3727 -3724 -3725
-242 -329 -488 -714 -831 -902 -987 -996 -1002 -1011 -1005 -987 -934 -794 -741 -710 -630 -549 -464 -602 -558 -456 -292 -182 -156 -180 -198 -335 -489 -548 -780 -1185 -1736 -2145 -2151 -2041 -1941 -2053 -2148 -1966 -1514 -1086 -780 -545 -793 -1110 -1421 -1792 -2776 -3780 -4195 -4232 -3968 -3769 -3738 -3754 -3774 -3792 -3803 -3810 -3815 -3818 -3822 -3823 -3821 -3816 -3809 -3802 -3795 -3787 -3776 -3765 -3755 -3745 -3737 -3727 -3711 -3698 -3690 -3684 -3681
-220 -272 -306 -320 -318 -313 -304 -303 -318 -329 -334 -322 -302 -298 -294 -290 -272 -231 -207 -256 -302 -326 -279 -204 -172 -192 -251 -363 -455 -488 -605 -787 -1046 -1393 -1531 -1741 -1994 -2139 -2271 -2245 -2143 -1837 -1194 -1114 -1915 -2753 -2522 -2748 -3469 -3828 -4018 -4013 -3884 -3807 -3787 -3793 -3800 -3805 -3807 -3816 -3831 -3840 -3841 -3836 -3829 -3821 -3812 -3804 -3796 -3783 -3765 -3749 -3737 -3726 -3717 -3705 -3685 -3659 -3638 -3624 -3616
-165 -175 -180 -184 -190 -198 -193 -199 -197 -186 -188 -189 -192 -194 -198 -205 -213 -216 -216 -224 -248 -275 -303 -299 -297 -291 -296 -297 -313 -321 -339 -375 -429 -503 -586 -751 -898 -1101 -1393 -1862 -2000 -2224 -2394 -2664 -2980 -3369 -3568 -3818 -3916 -3899 -3901 -3901 -3916 -3911 -3896 -3879 -3877 -3890 -3890 -3883 -3884 -3883 -3873 -3855 -3838 -3826 -3818 -3811 -3800 -3779 -3751 -3728 -3711 -3696 -3680 -3661 -3634 -3603 -3571 -3551 -3537
-99 -109 -114 -116 -117 -120 -123 -127 -135 -147 -156 -157 -162 -168 -169 -169 -171 -171 -169 -158 -145 -151 -171 -200 -216 -215 -210 -198 -197 -200 -223 -260 -286 -300 -322 -334 -364 -464 -895 -1534 -1908 -2761 -3285 -3532 -3661 -3780 -3852 -3891 -3899 -3901 -3913 -3943 -3951 -3952 -3954 -3942 -3939 -3953 -3954 -3945 -3944 -3930 -3905 -3875 -3844 -3824 -3816 -3810 -3791 -3756 -3722 -3696 -3675 -3653 -3626 -3594 -3562 -3534 -3497 -3471 -3449
-60 -60 -64 -70 -70 -69 -74 -75 -78 -80 -87 -97 -103 -114 -124 -132 -130 -121 -117 -102 -114 -119 -103 -100 -103 -102 -100 -99 -100 -102 -103 -105 -125 -119 -102 -93 -157 -226 -449 -1420 -1807 -1994 -2207 -2563 -2812 -3192 -3391 -3636 -3745 -3769 -3797 -3822 -3856 -3885 -3907 -3908 -3910 -3912 -3915 -3913 -3898 -3881 -3868 -3844 -3830 -3821 -3799 -3757 -3718 -3697 -3661 -3651 -3603 -3585 -3558 -3517 -3487 -3448 -3421 -3400 -3382
-47 -48 -50 -49 -49 -53 -58 -65 -70 -74 -80 -88 -97 -99 -101 -91 -84 -81 -77 -73 -70 -89 -78 -70 -66 -65 -64 -65 -66 -64 -70 -78 -80 -79 -76 -83 -101 -103 -99 -128 -196 -144 -369 -390 -764 -1399 -2118 -2335 -2785 -3130 -3388 -3500 -3603 -3833 -3833 -3854 -3846 -3845 -3836 -3834 -3837 -3834 -3811 -3799 -3787 -3765 -3720 -3676 -3641 -3600 -3572 -3556 -3522 -3499 -3465 -3415 -3397 -3301 -3275 -3221 -3201
-43 -44 -44 -45 -45 -46 -50 -60 -75 -86 -102 -114 -99 -75 -70 -65 -64 -63 -63 -61 -65 -72 -70 -58 -55 -54 -53 -52 -50 -50 -50 -50 -50 -47 -50 -46 -44 -44 -43 -47 -49 -59 -57 -78 -143 -214 -1000 -1243 -1554 -1717 -2039 -2269 -2988 -2999 -3272 -3211 -3211 -3402 -3595 -3653 -3702 -3705 -3735 -3736 -3701 -3693 -3645 -3585 -3537 -3498 -3454 -3433 -3431 -3415 -3348 -3286 -3201 -3001 -3052 -2977 -2903
