east-coast-sediment-db/ecst0500/data-layers/noaa-bathymetry/world30/world30.asc
ncols  721
nrows  361
xllcorner  -180
yllcorner  -90
cellsize    0.5
[rows 108 to 143 of 361, columns 486 to 566 of 721]
610 762 1219 1219 1524 2286 1676 1524 1829 2591 2286 1371 2438 3048 4572 4572 4876 3201 3963 4420 4267 4115 3048 3353 4115 4877 4648 5486 5638 5105 5181 5333 4953 5638 5181 5181 5181 5486 5029 5106 5181 4725 4877 4724 4725 5257 5486 5181 4953 4877 5181 5181 5181 5334 5623 5334 5181 5333 5303 5105 4541 4343 3962 3779 4115 4572 4191 3886 4267 3200 3657 4115 4343 3962 3200 2895 2972 3048 2590 2286 1981
914 1829 2590 2743 2438 3048 3215 2743 3201 2743 2286 3962 3353 3536 3505 4267 3657 2438 3200 3505 2743 3200 2743 3810 3962 3353 4420 5334 5334 5257 5181 5410 5181 5181 5563 5181 5791 5943 5638 5334 5105 4877 5029 4877 4877 5029 4877 5181 4877 4877 4877 5334 5486 5486 5181 5333 5181 5151 5105 4846 4770 4633 4724 4785 4572 4542 4724 4648 4511 4419 4115 4267 4267 4191 3200 3353 4039 3581 3048 2971 2286
1219 1524 1829 2591 2590 2591 3124 3185 3353 3353 3048 3048 2438 2439 1981 2743 1371 1828 1828 1676 2896 3505 3200 3962 4039 4725 3962 3810 4876 5182 5029 5334 5486 5486 5486 5486 5486 5181 5181 5333 5258 5181 5486 5257 5410 5486 5486 5486 5486 5486 5486 5333 5333 5334 5181 5211 5334 5410 5379 4983 4709 4648 4602 4419 5303 4907 4876 4495 4343 4297 4450 4419 4572 4191 3870 3780 3733 3505 3322 3353 2819
2133 2286 2438 2438 2743 2743 2972 2972 3201 3048 3048 2743 2743 2285 1524 914 838 610 762 1143 1219 2133 2286 2591 3658 4114 4267 3962 4572 4572 4724 4725 5638 5791 5486 5639 5486 5714 5486 5486 5486 5181 5181 5333 5486 5791 5334 5638 5334 5486 5638 5105 4877 5333 5410 5639 5502 5227 4801 4846 4724 4953 4801 4953 5029 4953 5791 5486 4953 4618 4495 4267 5029 4114 3840 3886 3657 3657 3886 3200 2667
2134 2209 2666 2667 2743 2667 2697 3353 3201 3429 3200 2667 2591 2743 2438 2743 1371 381 533 488 1067 1677 2743 2286 2134 3658 4267 4572 4267 4572 5029 4877 4877 5181 5181 5181 5105 5029 5182 5486 5029 5029 5029 5029 5181 5487 5257 5029 5258 5639 5181 5563 5791 5943 5349 5639 5715 4877 4694 4572 4632 4877 5105 5486 5563 4952 4648 5181 4891 5258 4648 4877 4343 4038 3733 3687 3810 3657 3658 3657 2713
1981 2438 2438 2895 2439 2285 1904 3201 3201 3353 2743 2210 2743 2438 1371 1066 914 533 305 381 503 640 1219 2895 2285 2743 3048 4725 5029 5181 5029 4876 4876 4419 4572 4877 4877 5639 5639 5334 5410 5410 5181 5029 5410 5333 5486 5181 5486 5257 5181 5486 5639 5181 5074 5120 5791 5486 5258 5303 5029 4694 5943 5944 5791 5029 4877 4465 5258 4236 4725 5029 4952 4115 4039 4328 4221 3886 3277 3657 3277
1524 1829 1829 2133 2210 1524 1981 2362 2514 2209 2210 2210 2438 1981 914 320 457 305 457 518 518 274 366 412 991 2743 2896 4420 4572 5029 5181 5029 4876 4724 4876 4877 5333 5410 4724 4877 5029 5181 5029 4877 5029 5029 5029 5029 4877 5181 5181 5486 5029 5486 5074 5166 5105 5334 5349 5181 5090 5029 4952 5014 4480 5715 4633 4952 4632 5334 4755 4312 4846 4450 4252 4176 4114 4161 3733 3688 3810
1219 914 1524 914 1189 1676 1981 1676 1829 2133 2057 2133 2210 1904 686 350 457 183 305 183 183 183 213 229 274 564 2438 3353 4419 4877 5486 4572 5181 4724 4877 5334 5029 5334 5029 4877 4877 4877 5181 5334 5029 5029 4877 5334 5639 5486 5333 5029 5333 4877 5029 4831 5486 5075 4983 5105 4801 5333 5959 4876 4496 4175 4572 4618 4877 5029 5273 4831 4998 4328 4313 4343 4282 3977 3108 3658 3048
701 716 671 884 1524 1676 1250 1463 1875 1935 2327 1991 2033 1087 442 183 183 183 183 183 183 183 198 229 213 259 686 1128 1981 4801 3962 3658 4114 5182 5333 5486 5029 4648 4725 5181 4877 5333 5334 5029 4572 4953 5181 4953 4876 4572 5029 4572 4572 4572 4542 4953 5410 4831 5029 4877 4572 4876 4800 5639 5181 4952 4572 4800 4877 4800 5029 5181 4267 3840 4038 4358 5029 3886 2972 3216 3733
671 701 625 884 914 991 1143 1448 1813 2164 2171 1927 1965 1759 990 183 183 152 152 152 183 183 213 198 198 213 412 915 2058 2362 2134 3353 3352 4572 4953 5410 5639 5334 5181 5029 5029 5638 4572 4725 5334 4877 5181 4877 5181 5105 5105 4877 4953 5333 4770 4572 4877 4572 4572 4648 5182 4876 4725 4496 4267 5181 5333 5029 5181 5181 4877 4419 3658 4450 3871 4160 3810 3048 3429 3505 2514
610 610 610 914 1036 1036 1052 1981 2416 2599 1955 1982 1469 1877 1219 137 91 122 107 122 122 122 107 122 122 122 167 351 1143 1981 2058 3353 4572 5334 5181 4877 4800 5333 5181 5715 5562 4877 5105 5181 5181 4572 5105 5029 4877 5105 5333 5181 5181 5029 4800 4847 4877 4984 5181 4877 5029 5944 5181 4571 4877 5181 5181 5639 5486 5181 4343 4419 4191 4267 3657 4115 3657 3276 3139 3489 2590
610 762 807 838 1021 1021 1235 1296 1879 2460 2116 1626 1259 1362 914 137 107 91 91 91 122 122 107 91 122 137 167 259 336 503 1372 2057 2133 3810 4877 5334 5867 5182 5258 5333 5486 5639 5943 5791 5867 5486 5563 5410 5486 5791 5715 5410 5410 5638 4953 5715 4877 4877 5029 5029 5029 4724 4114 4267 5029 6248 5486 4724 4876 4419 4419 4343 4008 4190 4191 4267 3809 3734 2819 2590 1295
717 1067 1188 853 655 580 1296 1707 1676 518 915 1219 1600 1783 488 91 107 122 137 152 183 183 183 198 213 213 244 244 244 244 335 1234 1752 1798 1524 2438 5334 4876 4724 5791 4877 5181 5029 5486 5333 5638 5029 5029 5639 5791 5486 5029 5029 5181 5029 5029 4343 4496 5181 5136 4725 4038 4648 4267 3810 4130 4572 5334 4800 4420 3809 3429 3962 5258 4267 3733 3277 3505 2285 1828 1066
1357 1753 1799 1066 914 914 1448 2134 1676 198 214 1372 1494 823 182 91 91 122 137 152 183 183 213 198 213 213 244 244 244 244 228 259 473 1402 1372 1829 2438 3352 4267 5791 5181 5791 5333 5334 5181 5258 5181 4572 5486 5333 4876 4420 4267 5029 4419 4571 4420 4419 4495 5334 4572 4648 4419 3886 3657 3810 4724 4725 4953 3734 3962 3657 3353 4115 4877 3657 3200 4267 2438 2133 1828
793 1021 1128 1021 1677 1372 1905 2439 1371 76 61 534 762 381 91 91 122 122 122 152 244 244 244 244 244 275 244 244 213 213 213 213 183 198 183 640 914 1372 2286 3200 5486 4876 5639 6096 6401 5487 5943 5715 5639 5181 5029 4495 4419 4267 5029 4495 4724 4572 4725 4725 5029 4267 3810 2133 2820 2819 3353 3810 3886 4495 3886 4115 3368 3657 5182 4419 3109 3963 4038 2133 2057
549 580 1372 869 625 1067 1677 1661 1280 76 30 61 107 91 76 91 122 122 122 168 244 244 244 305 289 305 305 290 244 198 183 183 183 183 152 137 153 914 1524 2438 2743 3200 3505 5943 5486 6401 5639 5563 5639 5181 4572 4877 5029 5182 5562 4648 5181 5029 4724 5182 3200 2895 2438 1067 1372 1295 2667 3734 3277 4419 4343 4114 3962 3809 5334 3962 3048 3200 2286 2133 1829
549 549 549 656 1097 1600 1722 1509 1219 91 30 30 61 61 91 122 122 152 137 213 274 274 320 397 396 458 427 289 274 167 183 183 183 152 122 122 122 122 305 458 1143 762 610 686 1524 2743 3505 5486 5638 5791 5334 5791 5334 4876 3658 4114 3505 4267 4191 4648 2286 1371 1371 914 320 122 275 2896 2591 2697 1569 3962 3505 3703 3962 3810 2895 3200 1981 2286 2591
883 914 960 1296 1524 1524 1508 1219 1143 122 30 61 91 91 122 122 137 168 259 259 290 274 305 427 442 442 473 305 274 198 183 183 183 152 122 122 122 122 122 122 91 91 305 381 945 1524 1677 2438 1676 2591 3505 2439 3657 3657 2591 2591 1904 1600 2743 1981 1524 1371 183 61 502 107 442 1143 1524 991 2439 2895 3048 3048 4267 3063 2743 2743 2438 2591 2133
793 853 1067 1219 915 960 1098 1051 686 122 91 91 91 91 137 244 274 259 244 320 290 320 335 473 427 412 397 305 289 274 183 167 152 152 122 122 122 91 91 91 91 91 91 61 91 183 259 1219 1066 1448 1600 838 762 1524 1067 1219 762 1219 533 76 122 106 46 61 1143 1753 1067 1524 2134 762 1752 3429 3581 4038 3353 2972 2255 1905 1981 2286 2133
762 762 579 1219 533 457 411 839 533 122 106 61 91 91 122 214 290 274 229 274 259 290 397 472 427 305 274 305 274 213 228 152 152 152 122 122 122 91 91 91 91 91 76 61 61 61 61 61 61 61 61 76 30 61 152 152 152 122 45 30 305 472 168 762 2134 1143 289 152 1219 838 2515 3353 3124 3353 2286 1920 2362 1889 1646 2286 1829
381 762 838 609 457 838 442 274 534 533 137 30 30 46 122 183 290 228 122 153 274 274 548 427 427 305 274 259 305 427 305 305 152 152 91 91 91 91 91 91 91 61 61 61 61 61 45 30 30 30 30 30 30 30 183 366 213 426 458 457 198 213 1219 1600 2590 213 1067 686 914 640 991 2590 2438 2895 2210 1951 2103 1600 2194 2438 2285
228 152 61 122 213 106 0 -1 305 305 107 30 30 46 122 183 289 122 137 168 290 412 533 533 442 289 259 274 381 457 335 305 274 244 137 91 106 91 91 91 76 61 61 61 61 61 61 30 30 30 30 30 30 46 533 457 808 1219 1448 762 305 1143 1219 2058 396 152 457 427 213 488 2134 2438 1829 1981 1981 1829 2133 1996 2149 2134 1966
-292 -332 -202 -218 -969 -223 -165 -44 61 167 30 30 30 76 122 122 91 91 183 305 503 929 473 473 488 488 304 274 473 473 472 488 335 335 427 366 366 275 243 213 214 137 137 91 167 106 121 168 91 152 30 30 30 15 61 61 61 61 122 168 244 1067 1372 914 198 762 458 457 213 1372 2209 1570 1844 2209 1676 2133 1935 1950 1936 1935 1799
-2008 -2564 -2570 -2585 -2584 -2094 -231 -84 -18 30 30 30 30 30 91 107 15 76 183 426 671 656 442 503 473 442 396 412 458 518 442 396 427 488 427 426 366 381 320 411 350 198 305 305 305 366 381 244 244 91 30 15 30 15 61 61 61 61 167 168 534 1082 914 396 244 534 610 198 274 1433 1615 1676 1219 1829 1584 1677 1904 1371 1753 1874 1677
-3274 -3205 -3017 -2727 -2513 -1598 -224 -100 -47 0 0 0 0 46 15 46 15 30 91 183 290 320 244 381 488 457 457 442 472 472 457 533 442 442 457 442 397 442 548 442 503 457 335 457 564 427 290 198 121 60 15 0 0 0 46 30 61 183 198 610 1265 1326 457 320 381 457 259 412 381 762 991 1066 1981 1829 2118 1752 1676 1295 1600 1676 1828
-2996 -2517 -2017 -2591 -2969 -1296 -991 -143 -116 -101 -24 46 137 107 30 91 0 30 46 91 137 198 229 396 458 503 472 457 473 488 457 564 442 442 534 534 549 534 625 701 594 792 853 731 655 426 259 198 106 60 15 0 0 0 30 -10 61 152 229 869 1402 1981 305 305 228 137 518 274 1219 1067 1143 1066 1829 1524 1676 1463 1828 1676 1295 1600 1828
-2817 -3935 -2023 -2418 -1958 -1877 -1793 -915 -230 -67 -42 -25 30 0 0 -10 76 76 30 61 91 137 290 412 488 534 564 503 457 442 351 427 427 488 503 579 762 686 518 518 671 731 792 564 564 457 320 152 76 0 0 0 0 0 61 -10 61 61 137 350 1402 1310 610 168 122 122 808 1219 1783 914 1555 1265 2118 2285 1295 1082 1448 1265 1601 1676 1372
-3941 -2000 -1049 -2499 -2470 -2204 -2010 -1412 -1385 -141 -64 -37 -3 -10 61 92 213 76 30 30 30 183 275 320 427 442 289 289 305 442 473 641 777 533 458 640 655 457 442 305 366 472 411 320 397 396 305 106 61 0 0 0 0 0 61 0 -10 -10 76 641 1296 1417 579 198 122 122 228 762 914 914 1067 1219 1295 1371 1799 1143 1265 1006 1219 990 1204
-2322 -2983 -3002 -2820 -2604 -2747 -2595 -2000 -1808 -1787 -187 -82 -23 91 92 152 152 91 0 -10 30 76 564 472 289 259 305 320 488 580 717 625 579 518 335 564 426 274 274 259 244 259 244 396 473 366 671 167 30 30 -10 0 -10 -1 30 -10 -1 -2 91 305 1112 1722 716 167 228 137 305 853 762 1524 1219 762 1219 1539 1341 1219 899 1097 1006 1128 1066
-3391 -3203 -3198 -3225 -3020 -2803 -2594 -2196 -1920 -2189 -530 -1 -97 -23 30 137 137 198 45 -1 76 228 152 198 320 610 427 396 564 640 442 442 336 320 275 473 274 290 290 320 350 183 274 320 290 396 244 152 0 -3 -1 -10 -10 -34 -16 -5 -13 -17 30 305 534 1524 609 167 167 183 168 991 1219 1250 1249 869 1021 1782 960 1143 960 1052 1067 1021 1067
-3411 -3398 -3311 -3227 -3092 -2788 -2602 -2329 -2400 -2508 -2575 -2183 -1269 -99 -18 76 61 0 -1 -1 46 305 594 305 244 274 289 274 305 351 289 320 290 274 320 396 305 305 336 336 350 167 137 305 106 76 45 0 -5 -20 -20 -19 -75 -108 -46 -77 -58 -56 -19 244 305 991 579 106 305 366 412 1296 1342 1112 884 838 930 1371 945 747 1143 914 1067 914 1143
-3406 -3362 -3292 -3197 -2997 -3025 -2807 -2473 -2792 -3041 -3052 -3001 -1797 -130 -82 -37 -19 -19 -14 -4 244 671 670 442 442 671 640 457 411 442 381 243 259 259 259 457 488 412 488 365 320 381 625 503 76 61 15 0 -8 -43 -121 -143 -523 -156 -138 -78 -76 -98 -58 -3 30 701 686 91 183 320 275 1296 1219 990 717 1067 884 883 610 610 1021 762 701 1006 1067
-3428 -3370 -3298 -3227 -3133 -3099 -2934 -2604 -2897 -3087 -3100 -3068 -1999 -211 -30 -94 -106 -76 -40 -9 213 701 549 488 564 548 503 457 457 350 304 275 213 198 229 381 610 564 564 244 412 518 640 183 182 15 15 -14 -341 -606 -1188 -1201 -1390 -1281 -1177 -716 -849 -684 -213 -60 -10 31 427 183 91 168 213 747 883 533 914 762 701 670 610 914 838 838 686 1067 991
-3457 -3405 -3247 -3201 -3075 -2940 -2811 -2903 -3040 -3100 -3200 -3017 -2450 -995 -10 -10 -120 -127 -62 -17 152 457 701 518 472 457 457 411 396 426 457 366 381 198 213 275 640 503 595 487 731 488 534 137 30 -49 -461 -1190 -1597 -2064 -1968 -1721 -1598 -1554 -1597 -1483 -1477 -1475 -1689 -978 -58 -27 198 259 76 198 152 777 945 564 762 1112 838 701 564 807 1143 777 1371 1066 1219
-3518 -3462 -3422 -3298 -3209 -3172 -3204 -3159 -3230 -3212 -3285 -3252 -3133 -2148 -216 -10 -31 -141 -62 -15 -1 610 594 640 640 625 579 442 442 366 381 274 244 167 183 290 457 580 457 686 488 275 458 30 -79 -804 -1792 -2021 -2061 -2167 -2103 -1867 -1799 -1801 -1840 -1799 -1837 -1879 -1904 -1797 -792 -10 -10 594 76 152 152 320 808 610 914 777 518 518 564 563 884 640 412 838 1371
-3598 -3589 -3501 -3455 -3403 -3266 -3200 -3300 -3358 -3337 -3368 -3358 -3273 -2987 -2000 -212 -10 -105 -94 -26 152 610 640 472 503 549 610 579 503 381 472 426 259 213 167 381 305 228 458 914 457 91 30 -59 -871 -2195 -2307 -2352 -2302 -2283 -2231 -2000 -1998 -2061 -2059 -2017 -1982 -2062 -2149 -2209 -1997 -312 -19 610 106 122 244 183 914 488 777 472 579 381 442 427 808 442 320 503 305
